0.4964
0.2859
0.2737
0.2623
0.2475
0.2398
0.2312
0.2242
0.2199
0.2199
0.2136
0.2057
0.199
0.1981
0.1905
0.1892
0.1873
0.1824
0.1842
0.1843
0.1756
0.1771
0.1658
0.1633
0.1567
0.159
0.1487
0.1421
0.1393
0.1374
0.1322
0.1333
0.1332
0.1354
0.1297
0.1318
0.1277
0.1223
0.1291
0.1239
0.1241
0.1179
0.1151
0.1136
0.1119
0.1134
0.1123
0.111
0.109
0.1124
0.1099
0.1144
0.1096
0.1138
0.1133
0.1074
0.1054
0.1038
0.1045
0.0989
0.0981
0.0976
0.0947
0.0967
0.0969
0.0938
0.0914
0.0907
0.0884
0.0921
0.0954
0.0932
0.0917
0.091
0.0925
0.0905
0.0966
0.0913
0.0966
0.0877
0.0918
0.0879
0.0884
0.0903
0.0926
0.0873
0.0893
0.0901
0.0931
0.0907
0.0906
0.0901
0.0894
0.0954
0.0923
0.0959
0.092
0.0918
0.092
0.0827
0.0825
0.084
0.0814
0.0825
0.0803
0.0846
0.0806
0.0845
0.0821
0.0824
0.0777
0.0789
0.0758
0.0814
0.0757
0.08
0.0793
0.081
0.0814
0.0812
0.0782
0.0765
0.0782
0.0757
0.0756
0.0764
0.0775
0.0743
0.0787
0.0706
0.0727
0.07
0.0708
0.0673
0.0712
0.067
0.0669
0.069
0.0695
0.0693
0.0682
0.0649
0.0687
0.0669
0.0665
0.0662
0.0698
0.0619
0.0651
0.0624
0.0608
0.0606
0.0601
0.0589
0.0575
0.0539
0.0527
0.053
0.0528
0.0529
0.0504
0.0525
0.051
0.0524
0.0502
0.0546
0.0533
0.0555
0.0552
0.0549
0.0561
0.0547
0.0546
0.0525
0.0531
0.0525
0.0527
0.0561
0.055
0.0525
0.0514
0.0525
0.0503
0.0493
0.0507
0.0501
0.0511
0.0494
0.0489
0.0486
0.0512
0.0485
0.0492
0.0513
0.0525
0.0513
0.051
0.0522
0.0491
0.0489
0.0497
0.0496
0.0487
0.049
0.0478
0.0484
0.0497
0.0488
0.0495
0.0505
0.0501
0.0535
0.0514
0.0516
0.0543
0.0556
0.0539
0.0547
0.0559
0.0546
0.053
0.0533
0.0531
0.0528
0.0552
0.0535
0.0543
0.0531
0.0491
0.0513
0.0507
0.0499
0.0479
0.0501
0.046
0.0468
0.0474
0.045
0.0472
0.046
0.0448
0.0467
0.0476
0.0472
0.0484
0.0502
0.0485
0.0481
0.0486
0.0477
0.0482
0.0482
0.0467
0.0483
0.0483
0.0479
0.0508
0.0497
0.048
0.0486
0.05
0.0497
0.0499
0.0491
0.0476
0.0482
0.0507
0.0483
0.05
0.0488
0.0492
0.0485
0.0505
0.049
0.0495
0.0471
0.0468
0.0486
0.0517
0.0488
0.048
0.0486
0.0476
0.0498
0.0484
0.0479
0.0477
0.049
0.0491
0.05
0.051
0.0494
0.0487
0.0497
0.0468
0.0477
0.0486
0.0475
0.0463
0.0461
0.0468
0.0444
0.0486
0.0442
0.0454
0.0461
0.0457
0.0439
0.0446
0.0431
0.0425
0.0445
0.043
0.0451
0.0432
0.0425
0.0424
0.0432
0.0426
0.0442
0.0446
0.0433
0.0442
0.0455
0.0438
0.0458
0.0466
0.0451
0.0456
0.0482
0.0451
0.0448
0.0456
0.0437
0.0443
0.045
0.0433
0.0437
0.0423
0.0426
0.0415
0.0427
0.0412
0.0414
0.0429
0.0422
0.0438
0.0435
0.0424
0.0434
0.0436
0.0443
0.0431
0.0447
0.0441
0.0451
0.0455
0.0455
0.0446
0.0471
0.0451
0.047
0.0477
0.0463
0.047
0.0485
0.0471
0.0488
0.0479
0.0459
0.0471
0.0481
0.0474
0.047
0.0484
0.0482
0.049
0.0497
0.048
0.0477
0.0507
0.0475
0.0468
0.0486
0.0479
0.0506
0.0493
0.0501
0.0515
0.0487
0.0484
0.0469
0.0497
0.0475
0.047
0.0485
0.0472
0.0467
0.0479
0.0461
0.0473
0.0477
0.0478
0.049
0.0474
0.0478
0.0484
0.0525
0.0486
0.0506
0.0503
0.0492
0.0481
0.0497
0.0488
0.0519
0.052
0.0494
0.0488
0.0492
0.0481
0.0454
0.0466
0.0439
0.0469
0.0469
0.0455
0.0479
0.0497
0.0471
0.0477
0.0478
0.0474
0.0465
0.0468
0.0442
0.0448
0.0471
0.0465
0.0461
0.0493
0.0469
0.0492
0.0511
0.0498
0.0504
0.0514
0.0481
0.0501
0.0488
0.0464
0.0449
0.047
0.0454
0.0466
0.0478
0.0442
0.0443
0.0451
0.044
0.0438
0.0453
0.043
0.0458
0.0445
0.046
0.0447
0.0468
0.0468
0.0471
0.0497
0.0473
0.0491
0.0486
0.0454
0.0467
0.0474
0.0476
0.0469
0.049
0.049
0.0486
0.0515
0.0509
0.0507
0.0504
0.0508
0.0495
0.0482
0.0454
0.0477
0.0467
0.0466
0.0464
0.0488
0.0435
0.0435
0.0419
0.0413
0.0414
0.0424
0.0419
0.0432
0.0443
0.0425
0.043
0.0447
0.0433
0.0427
0.0442
0.0423
0.0415
0.0425
0.0412
0.0409
0.0418
0.0394
0.0418
0.0421
0.042
0.0431
0.044
0.0442
0.0426
0.0442
0.0426
0.0437
0.0449
0.0432
0.0466
0.0445
0.0434
0.0425
0.0452
0.0415
0.0417
0.0412
0.0399
0.0406
0.0426
0.0408
0.0408
0.0407
0.0394
0.0391
0.0397
0.0383
0.0391
0.0409
0.0387
0.0402
0.0405
0.0404
0.0404
0.0404
0.038
0.038
0.0392
0.0375
0.0377
0.0387
0.0385
0.0385
0.0402
0.039
0.0408
0.0407
0.0398
0.0397
0.0405
0.0396
0.0396
0.0408
0.0402
0.0399
0.042
0.0404
0.0413
0.0415
0.0409
0.0406
0.0419
0.0422
0.0413
0.0422
0.0409
0.0424
0.0426
0.042
0.0408
0.0403
0.0402
0.0395
0.04
0.0378
0.0384
0.0393
0.0367
0.0381
0.0371
0.0347
0.0351
0.0356
0.0342
0.0346
0.0354
0.034
0.0347
0.0354
0.035
0.0351
0.0366
0.0357
0.0373
0.0369
0.0366
0.0368
0.0387
0.0373
0.0387
0.0397
0.0389
0.0392
0.0401
0.0402
0.039
0.0407
0.0386
0.0395
0.04
0.039
0.0395
0.0388
0.0384
0.0392
0.0407
0.0376
0.0385
0.0393
0.0399
0.039
0.0402
0.0387
0.0393
0.0414
0.0384
0.0389
0.0394
0.0394
0.0398
0.0428
0.0397
0.0406
0.0414
0.0397
0.0407
0.0421
0.0413
0.0417
0.0438
0.0418
0.0422
0.0415
0.0404
0.0405
0.0411
0.0396
0.04
0.041
0.0409
0.0395
0.0404
0.0392
0.039
0.0408
0.0386
0.0404
0.0409
0.0399
0.0379
0.0391
0.0384
0.0384
0.0394
0.0386
0.0394
0.0407
0.0398
0.0386
0.04
0.0373
0.0378
0.039
0.0379
0.0382
0.0382
0.0372
0.0386
0.0392
0.0381
0.0382
0.0386
0.0373
0.0386
0.0388
0.0386
0.0386
0.0401
0.0389
0.0387
0.0401
0.0379
0.0389
0.0393
0.0372
0.0375
0.0386
0.0381
0.0388
0.0393
0.0371
0.038
0.0391
0.0376
0.0393
0.0393
0.0383
0.0385
0.0388
0.0374
0.0378
0.0388
0.0378
0.0383
0.0395
0.0383
0.04
0.0395
0.0381
0.039
0.0387
0.0388
0.0384
0.0404
0.0387
0.0394
0.0396
0.0387
0.0391
0.04
0.0382
0.0389
0.0404
0.0402
0.041
0.0421
0.0395
0.0397
0.0407
0.0392
0.0405
0.0413
0.0389
0.0406
0.0416
0.0393
0.0406
0.0408
0.0395
0.0399
0.041
0.0406
0.039
0.0403
0.0383
0.0382
0.0393
0.0391
0.0383
0.0404
0.0385
0.0398
0.0397
0.0402
0.04
0.0415
0.0408
0.0409
0.0403
0.0394
0.039
0.0398
0.0374
0.0386
0.0393
0.0377
0.0378
0.0387
0.0376
0.0379
0.0383
0.0372
0.0378
0.0394
0.0381
0.0383
0.0393
0.0387
0.0387
0.0387
0.0375
0.0366
0.0381
0.0367
0.0379
0.0382
0.0379
0.0367
0.0374
0.0361
0.037
0.0375
0.0368
0.037
0.0378
0.0367
0.0363
0.0378
0.0361
0.0362
0.0371
0.0363
0.036
0.0369
0.0358
0.0365
0.0371
0.0362
0.0359
0.0373
0.0357
0.0366
0.0374
0.0363
0.0371
0.0378
0.0369
0.038
0.0384
0.0388
0.039
0.0396
0.0382
0.0385
0.0406
0.0386
0.0381
0.0391
0.0372
0.0378
0.0393
0.0378
0.0383
0.0386
0.0389
0.0383
0.0387
0.0377
0.0386
0.0392
0.0387
0.0389
0.04
0.0388
0.0384
0.0389
0.0377
0.0378
0.0386
0.0378
0.0378
0.0381
0.036
0.0361
0.0369
0.0355
0.0358
0.0364
0.0352
0.0356
0.0364
0.0352
0.0356
0.0364
0.0352
0.0356
0.0364
0.0352
0.0356
0.0364
0.0352
0.0356
0.0364
0.0352
0.0356
0.0364
0.0352
0.0356
0.0364
0.0352
0.0356
0.0364
0.0352
0.0356
0.0364
0.0352
0.0356
0.0364
0.0352
0.0356
0.0364
0.0352
0.0356
0.0364
0.0352
0.0356
0.0364
0.0352
0.0356
0.0364
0.0352
0.0356
0.0364
0.0352
0.0356
0.0364
0.0352
0.0356
0.0364
0.0352
0.0356
0.0364
0.0352
0.0356
0.0364
0.0352
0.0356
0.0364
0.0352
0.0356
0.0364
0.0352
0.0356
0.0364
0.0352
0.0356
0.0364
0.0352
0.0356
0.0364
0.0352
0.0356
0.0364
0.0352
0.0356
0.0364
0.0352
0.0356
0.0364
0.0352
0.0356
0.0364
0.0352
0.0356
0.0364
0.0352
0.0356
0.0364
0.0352
0.0356
0.0364
0.0352
0.0356
0.0364
0.0352
0.0356
0.0364
0.0352
0.0356
0.0364
0.0352
0.0356
0.0364
0.0352
0.0356
0.0364
0.0352
0.0356
0.0364
0.0352
