0.0488
0.0061
0.0042
0.0036
0.0035
0.0035
0.0036
0.0038
0.0035
0.0046
0.0035
0.0036
0.0035
0.0043
0.0036
0.0039
0.0041
0.0042
0.0047
0.0041
0.0038
0.0044
0.0039
0.004
0.0029
0.0026
0.0026
0.0026
0.0026
0.0026
0.0026
0.0026
0.0026
0.0026
0.0026
0.0026
0.0026
0.0026
0.0026
0.0026
0.0026
0.0026
0.0026
0.0026
0.0026
0.0026
0.0026
0.0026
0.0026
0.0026
0.0026
0.0026
0.0026
0.0026
0.0026
0.0026
0.0026
0.0026
0.0026
0.0026
0.0026
0.0026
0.0026
0.0026
0.0026
0.0026
0.0026
0.0026
0.0026
0.0026
0.0026
0.0026
0.0026
0.0026
0.0026
0.0026
0.0026
0.0026
0.0026
0.0026
0.0026
0.0026
0.0026
0.0026
0.0026
0.0026
0.0026
0.0026
0.0026
0.0026
0.0026
0.0026
0.0026
0.0026
0.0026
0.0026
0.0026
0.0026
0.0026
0.0026
