0.0398
0.0292
0.0297
0.0395
0.0509
0.028
0.0355
0.0539
0.0309
0.0429
0.0473
0.0343
0.031
0.0286
0.0383
0.033
0.041
0.0457
0.0256
0.0297
0.044
0.0356
0.0447
0.0342
0.0274
0.0451
0.0325
0.0264
0.0381
0.0304
0.0245
0.0345
0.0363
0.0288
0.0353
0.0486
0.0435
0.039
0.0282
0.0293
0.0335
0.0328
0.0273
0.0269
0.03
0.0298
0.0381
0.0391
0.035
0.0404
0.0456
0.0337
0.0616
0.0387
0.0384
0.05
0.0242
0.0261
0.036
0.0291
0.0364
0.0583
0.0303
0.0351
0.0571
0.0397
0.0295
0.0319
0.0414
0.0277
0.0286
0.0296
0.0343
0.032
0.0314
0.0278
0.0382
0.0249
0.0432
0.0713
0.035
0.0371
0.0465
0.0387
0.0558
0.0405
0.0321
0.0323
0.0397
0.033
0.0331
0.0436
0.0388
0.0448
0.0311
0.0318
0.0332
0.0469
0.0382
0.0325
