0.4983
0.2817
0.2538
0.254
0.2325
0.2266
0.2168
0.2153
0.2077
0.1977
0.1888
0.1813
0.1777
0.1708
0.1676
0.1677
0.1606
0.1603
0.1524
0.1541
0.1542
0.1508
0.1538
0.1508
0.1583
0.1575
0.1584
0.1537
0.1518
0.1552
0.1541
0.1475
0.1483
0.148
0.1477
0.1467
0.1506
0.1469
0.1403
0.1409
0.14
0.135
0.132
0.1294
0.1281
0.1281
0.1313
0.1263
0.129
0.1222
0.1227
0.1232
0.1155
0.1191
0.1176
0.1247
0.1178
0.1192
0.1125
0.1139
0.1129
0.1107
0.1102
0.1123
0.1097
0.112
0.1077
0.109
0.1042
0.108
0.0979
0.0985
0.0967
0.0963
0.0961
0.0951
0.0924
0.0956
0.0944
0.0956
0.0928
0.0925
0.0915
0.0935
0.0934
0.0908
0.0926
0.0853
0.0856
0.0836
0.0856
0.0875
0.086
0.0845
0.087
0.0899
0.0922
0.0941
0.0962
0.0964
0.1008
0.0996
0.0979
0.0974
0.093
0.0889
0.0875
0.0891
0.0892
0.0924
0.0905
0.0916
0.0916
0.0922
0.0923
0.0949
0.0896
0.0909
0.089
0.0914
0.0943
0.089
0.0924
0.0889
0.091
0.091
0.0895
0.0888
0.0852
0.0829
0.0848
0.0839
0.0865
0.0822
0.0806
0.0805
0.0811
0.0787
0.0787
0.0783
0.0787
0.0763
0.0798
0.0783
0.0814
0.0791
0.0798
0.0759
0.0756
0.0744
0.0737
0.0745
0.0746
0.0782
0.0728
0.0758
0.0707
0.0703
0.0723
0.0749
0.073
0.0763
0.074
0.0735
0.0728
0.0761
0.0776
0.081
0.0834
0.0804
0.0816
0.0827
0.0829
0.0794
0.0752
0.0765
0.0765
0.0791
0.0757
0.0764
0.0769
0.0747
0.0749
0.0723
0.0778
0.0783
0.0783
0.0776
0.0774
0.0795
0.0811
0.0799
0.0796
0.0805
0.08
0.0857
0.084
0.0833
0.0806
0.0844
0.0806
0.08
0.0829
0.0805
0.0833
0.0805
0.0845
0.0823
0.0803
0.082
0.081
0.0851
0.0819
0.0823
0.0795
0.0807
0.078
0.0727
0.074
0.0717
0.072
0.0708
0.0742
0.0727
0.069
0.068
0.0687
0.0687
0.0676
0.069
0.0648
0.0653
0.0645
0.063
0.0637
0.0612
0.0637
0.0632
0.0625
0.0618
0.0614
0.0619
0.0624
0.0622
0.0626
0.0605
0.063
0.0608
0.06
0.0622
0.0609
0.0606
0.0583
0.0566
0.0599
0.0589
0.0571
0.0575
0.0564
0.0567
0.0562
0.0557
0.0567
0.0558
0.0588
0.0596
0.0583
0.0589
0.0581
0.0576
0.0571
0.0549
0.054
0.053
0.0544
0.0538
0.0557
0.0543
0.054
0.0553
0.0554
0.0544
0.0542
0.0559
0.0542
0.053
0.0544
0.0542
0.051
0.0518
0.0496
0.0502
0.0509
0.0495
0.0511
0.051
0.0512
0.0526
0.0516
0.0523
0.0516
0.0545
0.0512
0.0528
0.0521
0.0518
0.0524
0.0519
0.0529
0.0515
0.0515
0.0519
0.0516
0.0531
0.0554
0.055
0.0553
0.0596
0.0574
0.0575
0.0561
0.0577
0.0563
0.0571
0.0569
0.0584
0.0576
0.0573
0.0572
0.057
0.0544
0.0536
0.0534
0.0538
0.0483
0.0484
0.0457
0.0489
0.0475
0.0482
0.0481
0.0488
0.0508
0.05
0.0521
0.0507
0.0534
0.0534
0.0538
0.0531
0.0527
0.0511
0.0537
0.0526
0.0527
0.0522
0.0508
0.0501
0.0512
0.0482
0.0496
0.0486
0.047
0.0465
0.0443
0.0451
0.0449
0.0456
0.0462
0.047
0.0481
0.0489
0.0499
0.0503
0.0503
0.0517
0.0495
0.0513
0.0512
0.0509
0.051
0.0507
0.0523
0.0525
0.0521
0.0521
0.0522
0.053
0.0526
0.048
0.0475
0.0464
0.0468
0.0467
0.0469
0.0471
0.0472
0.048
0.0476
0.0483
0.0483
0.0503
0.0502
0.0509
0.0501
0.0492
0.0498
0.052
0.0523
0.0524
0.0516
0.0522
0.0494
0.0514
0.0493
0.0475
0.0473
0.0477
0.0464
0.048
0.0452
0.0447
0.045
0.0442
0.046
0.0472
0.0452
0.0468
0.046
0.0472
0.046
0.0469
0.0458
0.0445
0.0439
0.0433
0.0431
0.0429
0.0422
0.0439
0.0427
0.0438
0.0437
0.0434
0.042
0.0434
0.0436
0.0414
0.0418
0.0432
0.0423
0.0422
0.0417
0.0429
0.0436
0.0439
0.0426
0.0433
0.0441
0.0457
0.0447
0.0455
0.0462
0.0446
0.0443
0.0459
0.0457
0.0463
0.0473
0.0469
0.0469
0.048
0.0475
0.0469
0.0464
0.0459
0.0462
0.0458
0.0455
0.0439
0.0439
0.0456
0.0463
0.0446
0.044
0.0437
0.0443
0.0445
0.046
0.0452
0.0457
0.0452
0.0446
0.0458
0.0457
0.0469
0.0463
0.0472
0.0439
0.0453
0.044
0.0434
0.042
0.0418
0.0409
0.0399
0.0408
0.0403
0.0411
0.0419
0.0421
0.0436
0.0438
0.0461
0.048
0.0466
0.0487
0.0478
0.0487
0.0482
0.0486
0.048
0.0479
0.0518
0.052
0.0527
0.0554
0.0569
0.0542
0.0534
0.054
0.0546
0.0536
0.0548
0.053
0.0522
0.0517
0.0527
0.0497
0.0534
0.0507
0.0508
0.0505
0.0489
0.052
0.0509
0.0527
0.0506
0.0523
0.051
0.0521
0.0512
0.0497
0.0508
0.0518
0.05
0.0491
0.0506
0.0478
0.0487
0.0458
0.0474
0.0487
0.0494
0.0475
0.0495
0.0471
0.0449
0.0437
0.0437
0.0435
0.0427
0.0427
0.0429
0.0436
0.0439
0.0431
0.045
0.041
0.0413
0.0406
0.0405
0.0396
0.0416
0.0404
0.0413
0.0399
0.0408
0.0428
0.0438
0.0443
0.0443
0.0447
0.0437
0.0447
0.0448
0.0443
0.0443
0.0452
0.0434
0.0436
0.0442
0.0452
0.0447
0.0446
0.0442
0.0436
0.0461
0.0453
0.0467
0.0464
0.0481
0.0483
0.0469
0.0485
0.0477
0.05
0.0501
0.0514
0.0498
0.0502
0.05
0.0485
0.0464
0.0466
0.047
0.045
0.0456
0.0443
0.0426
0.0418
0.0425
0.0407
0.0427
0.0409
0.0417
0.0421
0.0405
0.0419
0.0407
0.0408
0.0396
0.0375
0.0366
0.0374
0.0377
0.0383
0.0385
0.0378
0.0385
0.0372
0.038
0.0386
0.0395
0.0387
0.0404
0.0387
0.0415
0.0395
0.0419
0.0406
0.0422
0.0444
0.0438
0.042
0.0433
0.0427
0.0423
0.0408
0.0418
0.0421
0.0413
0.0409
0.0397
0.0386
0.0397
0.0386
0.0404
0.0391
0.0385
0.0374
0.0383
0.0365
0.0366
0.0366
0.0368
0.036
0.0359
0.035
0.0351
0.0339
0.0338
0.0337
0.0337
0.0345
0.0345
0.0352
0.0351
0.0352
0.0358
0.0364
0.0366
0.0377
0.0374
0.0376
0.0371
0.0363
0.0367
0.0363
0.0365
0.0371
0.0381
0.0391
0.0389
0.0398
0.0401
0.039
0.039
0.0397
0.0386
0.0397
0.0393
0.0402
0.0385
0.0406
0.039
0.0414
0.0386
0.0394
0.0396
0.0396
0.0397
0.0394
0.0389
0.0403
0.0401
0.0409
0.0419
0.0426
0.0416
0.0431
0.0424
0.0423
0.0453
0.041
0.0418
0.0413
0.0421
0.0411
0.0417
0.0402
0.0394
0.0398
0.0397
0.039
0.0381
0.0408
0.0385
0.0397
0.0394
0.0388
0.0394
0.0409
0.039
0.0399
0.0393
0.0377
0.0368
0.0368
0.0366
0.037
0.0376
0.0377
0.0384
0.0374
0.038
0.038
0.0377
0.038
0.0381
0.0382
0.0387
0.0391
0.039
0.0393
0.0391
0.0407
0.0398
0.0404
0.0378
0.0382
0.0375
0.038
0.0382
0.0398
0.0396
0.0409
0.0397
0.0416
0.0406
0.0419
0.0423
0.0428
0.0432
0.0443
0.043
0.0463
0.0433
0.0429
0.043
0.0437
0.0418
0.0414
0.0418
0.0427
0.0414
0.0418
0.043
0.042
0.044
0.0454
0.0439
0.0438
0.0419
0.0409
0.0406
0.0414
0.0402
0.0408
0.0418
0.0431
0.0434
0.0415
0.0434
0.0404
0.0411
0.0408
0.0401
0.0407
0.0399
0.0392
0.0384
0.0386
0.0395
0.0392
0.0396
0.0392
0.0397
0.04
0.039
0.0396
0.0384
0.0392
0.0401
0.0395
0.0415
0.0402
0.0402
0.0383
0.039
0.0386
0.0386
0.0395
0.0377
0.0394
0.0393
0.0394
0.0395
0.0401
0.0425
0.0414
0.0443
0.0423
0.0422
0.0398
0.0388
0.0398
0.0397
0.0389
0.0414
0.0383
0.0401
0.0374
0.0384
0.0378
0.037
0.0382
0.037
0.0368
0.0368
0.0372
0.0378
0.0367
0.0369
0.0366
0.0366
0.0361
0.036
0.0374
0.0376
0.0366
0.036
0.035
0.0354
0.0351
0.0348
0.0347
0.0361
0.0362
0.0372
0.0361
0.0377
0.0373
0.0391
0.0375
0.0382
0.0386
0.0388
0.0386
0.038
0.0376
0.0364
0.0356
0.0356
0.0348
0.0345
0.0353
0.0331
0.0318
0.0319
0.0316
0.0317
0.0312
0.0312
0.0311
0.031
0.0311
0.031
0.0308
0.0307
0.0305
0.0305
0.0305
0.0305
0.0305
0.0305
0.0305
0.0305
0.0305
0.0305
0.0305
0.0305
0.0305
0.0305
0.0305
0.0305
0.0305
0.0305
0.0305
0.0305
0.0305
0.0305
0.0305
0.0305
0.0305
0.0305
0.0305
0.0305
0.0305
0.0305
0.0305
0.0305
0.0305
0.0305
0.0305
0.0305
0.0305
0.0305
0.0305
0.0305
0.0305
0.0305
0.0305
0.0305
0.0305
0.0305
0.0305
0.0305
0.0305
0.0305
0.0305
0.0305
0.0305
0.0305
0.0305
0.0305
0.0305
0.0305
0.0305
0.0305
