0.3044
0.3372
0.295
0.2827
0.273
0.2691
0.2544
0.2365
0.2323
0.2207
0.2176
0.2103
0.2073
0.2014
0.1927
0.1944
0.187
0.1908
0.1895
0.1819
0.1836
0.1742
0.1706
0.1648
0.1676
0.1578
0.1539
0.1499
0.1584
0.1531
0.1508
0.15
0.15
0.1444
0.1403
0.129
0.1325
0.1253
0.1279
0.1238
0.1203
0.1175
0.1215
0.124
0.1256
0.1248
0.1226
0.1212
0.1159
0.1192
0.1154
0.1167
0.116
0.1167
0.1143
0.1133
0.1178
0.1189
0.1205
0.121
0.1246
0.122
0.1139
0.112
0.112
0.1033
0.1072
0.0992
0.1017
0.0959
0.1004
0.0983
0.0988
0.097
0.0976
0.1002
0.0998
0.0984
0.0979
0.0972
0.101
0.0934
0.0957
0.0941
0.0926
0.093
0.0864
0.0853
0.0844
0.0861
0.0863
0.088
0.09
0.0896
0.0894
0.0895
0.0912
0.091
0.0891
0.0853
0.0888
0.0915
0.0877
0.0897
0.0894
0.0918
0.0923
0.0932
0.0938
0.094
0.0928
0.0983
0.0901
0.0904
0.0884
0.0911
0.0904
0.0911
0.0905
0.0921
0.0919
0.0937
0.0938
0.0896
0.0873
0.0899
0.0875
0.0848
0.0875
0.0825
0.0804
0.08
0.0853
0.0823
0.0834
0.0827
0.085
0.0867
0.0841
0.0826
0.0803
0.0825
0.0836
0.083
0.0817
0.0804
0.0814
0.0841
0.0837
0.0872
0.0867
0.0864
0.0857
0.0808
0.0815
0.0805
0.0783
0.0757
0.0751
0.0729
0.072
0.0735
0.0707
0.0709
0.0698
0.0685
0.0657
0.0696
0.0697
0.071
0.0685
0.0692
0.0696
0.0664
0.0729
0.0695
0.0707
0.0694
0.0714
0.07
0.071
0.0691
0.0679
0.069
0.0666
0.0634
0.0655
0.0632
0.0617
0.058
0.0543
0.0541
0.0543
0.0578
0.0571
0.0611
0.0569
0.0582
0.0587
0.0604
0.0575
0.0562
0.0562
0.0552
0.0548
0.0562
0.0524
0.0577
0.0552
0.0573
0.0573
0.06
0.0612
0.0634
0.0639
0.0645
0.0647
0.0678
0.0729
0.0662
0.0702
0.0687
0.0732
0.0714
0.0657
0.0676
0.0633
0.0635
0.0653
0.0652
0.0665
0.0657
0.0659
0.0676
0.0651
0.0661
0.0639
0.0636
0.0627
0.0645
0.0618
0.0618
0.0585
0.0638
0.0603
0.0621
0.0575
0.0576
0.059
0.0585
0.06
0.059
0.0568
0.0593
0.0542
0.0503
0.0527
0.0516
0.0511
0.0509
0.0524
0.052
0.0508
0.0497
0.0484
0.0485
0.0482
0.0476
0.0466
0.0448
0.0449
0.0448
0.048
0.0475
0.0479
0.0457
0.0444
0.0464
0.042
0.0464
0.0454
0.0492
0.0489
0.0539
0.0533
0.0542
0.0525
0.0563
0.0543
0.053
0.0536
0.0527
0.0525
0.0531
0.0548
0.0591
0.0556
0.0561
0.053
0.0564
0.054
0.0572
0.0533
0.0552
0.055
0.0534
0.0508
0.0528
0.0478
0.0479
0.0471
0.0474
0.0457
0.0457
0.0454
0.044
0.0438
0.0437
0.0452
0.0441
0.0462
0.0463
0.0478
0.0499
0.0451
0.0453
0.0465
0.0469
0.046
0.0477
0.0463
0.0474
0.046
0.0468
0.0468
0.0483
0.0484
0.0505
0.05
0.0501
0.0494
0.0488
0.0496
0.0501
0.0481
0.0468
0.0491
0.0501
0.0497
0.0476
0.0463
0.0476
0.0479
0.0479
0.051
0.0503
0.0516
0.0526
0.0552
0.054
0.0517
0.058
0.054
0.0563
0.0527
0.0549
0.049
0.0478
0.0495
0.0504
0.0505
0.051
0.0491
0.0503
0.0487
0.0502
0.0491
0.0507
0.0493
0.0514
0.0494
0.0493
0.0506
0.0519
0.05
0.0503
0.0505
0.051
0.054
0.0532
0.0516
0.0533
0.0541
0.0518
0.056
0.0543
0.0584
0.0578
0.0587
0.0552
0.057
0.0572
0.0565
0.0546
0.0559
0.0541
0.0549
0.0558
0.0569
0.0583
0.0552
0.0557
0.0568
0.0595
0.0588
0.06
0.0602
0.0563
0.0588
0.0536
0.0536
0.0559
0.0559
0.0563
0.0558
0.0571
0.0564
0.0572
0.0553
0.056
0.055
0.0574
0.0556
0.0561
0.0539
0.058
0.0563
0.0568
0.0608
0.0591
0.0614
0.0607
0.0619
0.0607
0.0593
0.0612
0.0657
0.0665
0.0646
0.065
0.0619
0.0644
0.0601
0.0581
0.0583
0.0589
0.0589
0.0576
0.0604
0.0591
0.0602
0.0576
0.059
0.0594
0.0588
0.0628
0.0607
0.0599
0.0569
0.059
0.0581
0.0599
0.0593
0.0611
0.0584
0.0584
0.0582
0.0569
0.0575
0.0543
0.0559
0.0551
0.0576
0.0516
0.0538
0.0513
0.0512
0.0544
0.0551
0.0543
0.056
0.054
0.0525
0.0508
0.0518
0.0526
0.0525
0.0548
0.0511
0.0522
0.0519
0.0501
0.0475
0.0475
0.048
0.0506
0.0503
0.0515
0.0515
0.0525
0.0539
0.0537
0.0513
0.0508
0.052
0.0532
0.0523
0.0542
0.0509
0.051
0.0512
0.0496
0.0516
0.0495
0.0522
0.0529
0.055
0.0543
0.0556
0.058
0.0549
0.0571
0.0592
0.0585
0.0609
0.0574
0.06
0.0566
0.057
0.0581
0.0611
0.0563
0.0603
0.056
0.0561
0.0553
0.0573
0.0553
0.057
0.0552
0.0581
0.0579
0.0608
0.0617
0.0595
0.059
0.057
0.0571
0.0604
0.0567
0.0594
0.0583
0.0557
0.0576
0.0592
0.0593
0.0577
0.0595
0.0562
0.0568
0.0558
0.0548
0.0553
0.0539
0.0547
0.0546
0.0528
0.0528
0.0535
0.0557
0.0537
0.0558
0.0557
0.0559
0.0557
0.0574
0.0564
0.0581
0.0604
0.0584
0.0601
0.0617
0.0588
0.0633
0.0623
0.0644
0.0636
0.0632
0.0623
0.0659
0.0639
0.0626
0.0564
0.0581
0.0538
0.0531
0.0537
0.0499
0.0494
0.0521
0.0508
0.0527
0.0504
0.0478
0.048
0.0483
0.0474
0.0502
0.0504
0.0491
0.0522
0.0489
0.0495
0.0469
0.0485
0.0478
0.0475
0.0492
0.0473
0.0478
0.049
0.0462
0.049
0.0492
0.0491
0.0496
0.0539
0.0499
0.0476
0.0476
0.0456
0.0473
0.045
0.0445
0.0442
0.0456
0.0449
0.0454
0.0472
0.044
0.0457
0.0469
0.0456
0.0469
0.0487
0.0482
0.0489
0.0491
0.0461
0.0449
0.047
0.0464
0.0458
0.046
0.0445
0.0466
0.0474
0.0449
0.0467
0.0475
0.045
0.0496
0.0472
0.0476
0.0464
0.0506
0.0468
0.0487
0.0464
0.0449
0.045
0.0471
0.0476
0.0491
0.0502
0.047
0.0495
0.0512
0.0485
0.0482
0.047
0.0463
0.0475
0.0495
0.0467
0.0477
0.0488
0.0462
0.0508
0.0478
0.048
0.0473
0.0497
0.0496
0.0513
0.0492
0.0489
0.0488
0.0522
0.0514
0.0516
0.0515
0.0497
0.0536
0.0517
0.0507
0.0501
0.05
0.0494
0.0505
0.0489
0.0482
0.0473
0.0498
0.0484
0.0493
0.0499
0.0476
0.0481
0.0491
0.0456
0.0461
0.0469
0.0447
0.0461
0.0471
0.0456
0.0449
0.0461
0.0435
0.0441
0.0449
0.0451
0.0454
0.0471
0.0437
0.0449
0.0455
0.045
0.0444
0.0464
0.0453
0.0435
0.0448
0.0443
0.0446
0.0481
0.0448
0.0449
0.0463
0.0444
0.0475
0.0493
0.0456
0.0472
0.0468
0.0449
0.0457
0.047
0.0438
0.0453
0.0465
0.0442
0.043
0.0441
0.0411
0.0444
0.0429
0.0425
0.0428
0.0445
0.0426
0.0443
0.0446
0.0432
0.0429
0.0454
0.0434
0.0436
0.0436
0.0427
0.0425
0.043
0.0434
0.0421
0.0446
0.0424
0.0449
0.0428
0.0434
0.0407
0.0442
0.0398
0.041
0.0389
0.0371
0.0365
0.037
0.0365
0.0365
0.0368
0.0368
0.0378
0.0387
0.0372
0.0396
0.0392
0.0413
0.0399
0.0417
0.0402
0.0405
0.0435
0.0424
0.0441
0.0424
0.0417
0.0459
0.0448
0.0448
0.0441
0.0465
0.0458
0.0448
0.0449
0.0442
0.0465
0.0456
0.0435
0.0445
0.0432
0.0415
0.0429
0.0441
0.0439
0.0428
0.044
0.043
0.0424
0.0416
0.0381
0.0388
0.0375
0.0371
0.0376
0.0398
0.0366
0.0376
0.0379
0.0367
0.0365
0.0364
0.0356
0.0342
0.0363
0.0337
0.0368
0.0353
0.0359
0.0341
0.0354
0.0332
0.0332
0.0342
0.0319
0.0328
0.0337
0.0332
0.0334
0.034
0.0329
0.0341
0.0354
0.0335
0.035
0.0351
0.0349
0.0344
0.0347
0.0334
0.034
0.0357
0.0338
0.0345
0.0347
0.0331
0.0337
0.0353
0.0345
0.035
0.0356
0.0333
0.0343
0.0334
0.0333
0.0342
0.0352
0.0339
0.0359
0.036
0.034
0.0333
0.0337
0.0323
0.0329
0.0329
0.032
0.0316
0.0322
0.0311
0.0316
0.0324
0.0315
0.0321
0.0332
0.0318
0.0326
0.0329
0.0316
0.0322
0.0328
0.0317
0.0324
0.0334
0.033
0.0327
0.0334
0.0324
0.0319
0.0322
0.0309
0.0314
0.0322
0.0312
0.0318
0.0324
0.0322
0.032
0.0345
0.0322
0.0337
0.0341
0.0334
0.0352
0.0351
0.0333
0.0336
0.0338
0.0323
0.0327
0.0335
0.0322
0.0339
0.034
0.0353
0.0329
0.0335
0.0325
0.0337
0.0342
0.0338
0.0345
0.0363
0.0339
0.0345
0.0355
0.0334
0.034
0.0339
0.0327
0.0324
0.0334
0.0315
0.0313
0.0318
0.031
0.0312
0.0327
0.0311
0.0312
0.0329
0.0308
0.0311
0.0311
0.0298
0.0303
0.0312
0.0304
0.0308
0.0318
0.031
0.0312
0.033
0.0316
0.0336
0.0338
0.0343
0.0346
0.0372
0.0337
0.0355
0.036
0.0374
0.0352
0.0381
0.036
0.0367
0.0374
0.0373
0.0366
0.0368
0.0355
0.0356
0.0377
0.036
0.0371
0.0366
0.0361
0.0361
0.0365
0.0361
0.0365
0.0369
0.0354
0.035
0.0354
0.0344
0.0346
0.0367
0.0357
0.0359
0.0382
0.0338
0.0343
0.0342
0.0324
0.033
0.034
0.032
0.0329
0.0335
0.0333
0.0334
0.034
0.0334
0.0342
0.0345
0.034
0.0345
0.0361
0.0355
0.0369
0.0376
0.0366
0.0366
0.0381
0.0375
0.0391
0.0394
0.0405
0.04
0.0392
0.0391
0.0411
0.0398
0.0368
0.038
0.0365
0.0353
0.0343
0.0363
0.0353
0.0364
0.0377
0.0353
0.0361
0.0359
0.0356
0.0354
0.0369
0.0356
0.0365
0.0375
0.0365
0.0365
0.0377
0.0358
0.0371
0.039
0.0394
0.0396
0.0386
0.0379
0.0371
0.0369
0.0363
0.0369
0.0381
0.0375
0.0371
0.0387
0.0375
0.0383
0.0402
0.0396
0.0415
0.0411
0.0405
0.0412
0.0426
0.0421
0.0431
0.0421
0.0407
0.0416
0.0409
0.0396
0.0398
0.0416
0.0404
0.0396
0.0411
0.0387
0.0403
0.0416
0.0424
0.0428
0.0441
0.0413
0.0436
0.0431
0.0416
0.0426
0.0441
0.0421
0.0438
0.0459
0.044
0.0454
0.047
0.0472
0.0471
0.0483
0.0471
0.047
0.0467
0.0448
0.0431
0.0438
0.0412
0.044
0.0461
0.0438
0.0456
0.0461
0.0463
0.0459
0.0456
0.0432
0.0449
0.0448
0.0449
0.0445
0.0448
0.0436
0.044
0.0437
0.0427
0.0441
0.0449
0.0442
0.0452
0.0455
0.0402
0.0402
0.0399
0.0384
0.0391
0.0403
0.0402
0.0406
0.0425
0.0408
0.0427
0.0407
0.0404
0.0422
0.0412
0.0399
0.0398
0.042
0.0412
0.0414
0.0432
0.0426
0.0429
0.0444
0.0453
0.0436
0.0437
0.0434
0.0448
0.0465
0.0447
0.0444
0.0459
0.0452
0.0455
0.0475
0.0427
0.0447
0.0447
0.041
0.0422
0.0416
0.0426
0.0422
0.0451
0.0419
0.0431
0.0442
0.043
0.0429
0.0422
0.0411
0.0417
0.0436
0.0431
0.0408
0.0449
0.0393
0.041
0.0397
0.0393
0.0385
0.0391
0.0385
0.0385
0.0401
0.0397
0.0395
0.0415
0.0413
0.0434
0.0419
0.042
0.0405
0.0428
0.0419
0.044
0.0443
0.0437
0.0438
0.0446
0.0429
0.0419
0.0424
0.04
0.0416
0.0414
0.0396
0.0395
0.0391
0.0401
0.0394
0.039
0.0364
0.0386
0.0372
0.0361
0.038
0.0365
0.0361
0.0365
0.0374
0.0374
0.0362
0.0369
0.0351
0.0369
0.0357
0.0335
0.0356
0.0355
0.0363
0.0368
0.0391
0.0382
0.0398
0.04
0.0392
0.0396
0.0407
0.04
0.0417
0.0415
0.0402
0.0401
0.0382
0.0359
0.0363
0.0374
0.0354
0.0353
0.0354
0.0341
0.0335
0.034
0.0326
0.0337
0.0344
0.0334
0.0326
0.0339
0.032
0.0342
0.0335
0.0326
0.0321
0.0326
0.0313
0.0319
0.0329
0.0312
0.0322
0.0333
0.0326
0.0339
0.035
0.0332
0.0345
0.0365
0.0337
0.0348
0.0349
0.0329
0.0335
0.0334
0.0331
0.0318
0.0321
0.0313
0.0312
0.0318
0.0315
0.0317
0.0343
0.0327
0.0332
0.0345
0.0338
0.0349
0.0353
0.0351
0.0364
0.0368
0.0371
0.0369
0.0364
0.0349
0.0363
0.0365
0.0362
0.0364
0.0379
0.0377
0.0356
0.0385
0.0368
0.0388
0.0383
0.0385
0.0386
0.0389
0.0359
0.0365
0.0357
0.035
0.0359
0.0357
0.0363
0.0376
0.0389
0.0383
0.0389
0.0391
0.0396
0.0412
0.0411
0.0392
0.0394
0.0393
0.0375
0.0361
0.038
0.0344
0.0331
0.0347
0.0336
0.0343
0.0356
0.0342
0.0351
0.0365
0.035
0.0371
0.0368
0.0366
0.0376
0.0398
0.0372
0.0395
0.0374
0.0365
0.036
0.038
0.0358
0.0366
0.0365
0.0358
0.0372
0.0359
0.0357
0.0355
0.036
0.0344
0.0349
0.036
0.0362
0.0367
0.038
0.0359
0.0357
0.0371
0.0371
0.0374
0.0392
0.0396
0.0381
0.0403
0.0386
0.0391
0.0393
0.0373
0.0373
0.038
0.0365
0.0359
0.0368
0.0344
0.0354
0.0372
0.0357
0.0373
0.0374
0.0358
0.0387
0.0389
0.0372
0.0368
0.0379
0.0367
0.0394
0.0383
0.0369
0.0389
0.0397
0.0402
0.0382
0.0399
0.0381
0.0377
0.0374
0.0372
0.0369
0.037
0.035
0.0341
0.0344
0.0337
0.034
0.0353
0.0331
0.0351
0.0357
0.0343
0.0346
0.0348
0.0322
0.033
0.0339
0.0339
0.0349
0.0351
0.0363
0.036
0.0385
0.0349
0.036
0.0365
0.0345
0.037
0.0372
0.0371
0.0361
0.0384
0.0355
0.0364
0.038
0.0376
0.0406
0.0405
0.0387
0.0378
0.0411
0.0382
0.0405
0.0412
0.0396
0.038
0.0403
0.0388
0.042
0.04
0.0374
0.0366
0.0373
0.035
0.035
0.0358
0.034
0.035
0.0362
0.0346
0.0331
0.0346
0.0325
0.0341
0.0324
0.0313
0.031
0.0329
0.0317
0.033
0.0337
0.0327
0.0337
0.0347
0.0343
0.0348
0.036
0.0345
0.0356
0.0347
0.0352
0.0355
0.0381
0.0349
0.0372
0.0372
0.0364
0.0369
0.0374
0.038
0.0357
0.0374
0.0357
0.0356
0.0355
0.033
0.0328
0.0328
0.0312
0.0318
0.0334
0.0324
0.0332
0.034
0.0335
0.0345
0.0365
0.0352
0.0362
0.0347
0.0343
0.0334
0.035
0.0338
0.0337
0.0347
0.033
0.033
0.0337
0.0328
0.0328
0.0338
0.0321
0.0341
0.0334
0.0333
0.0331
0.034
0.0325
0.0337
0.0341
0.0336
0.0327
0.0341
0.0328
0.0339
0.0339
0.0328
0.0318
0.0324
0.0313
0.0319
0.0328
0.031
0.0312
0.0314
0.0307
0.0306
0.0298
0.0299
0.0293
0.0317
0.0299
0.0308
0.0324
0.0319
0.0291
0.0312
0.0291
0.0295
0.0299
0.0293
0.0294
0.0302
0.0288
0.0289
0.0295
0.0283
0.0287
0.0295
0.0283
0.0287
0.0295
0.0283
0.0287
0.0295
0.0283
0.0287
0.0295
0.0283
0.0287
0.0295
0.0283
0.0287
0.0295
0.0283
0.0287
0.0295
0.0283
0.0287
0.0295
0.0283
0.0287
0.0295
0.0283
0.0287
0.0295
0.0283
0.0287
0.0295
0.0283
0.0287
0.0295
0.0283
0.0287
0.0295
0.0283
0.0287
0.0295
0.0283
0.0287
0.0295
0.0283
0.0287
0.0295
0.0283
0.0287
0.0295
0.0283
0.0287
0.0295
0.0283
0.0287
0.0295
0.0283
0.0287
0.0295
0.0283
0.0287
0.0295
0.0283
0.0287
0.0295
0.0283
0.0287
0.0295
0.0283
0.0287
0.0295
0.0283
0.0287
0.0295
0.0283
0.0287
0.0295
0.0283
0.0287
0.0295
0.0283
0.0287
0.0295
0.0283
0.0287
0.0295
0.0283
0.0287
0.0295
0.0283
0.0287
0.0295
0.0283
0.0287
0.0295
0.0283
0.0287
0.0295
0.0283
0.0287
0.0295
0.0283
0.0287
0.0295
0.0283
0.0287
0.0295
0.0283
0.0287
0.0295
0.0283
0.0287
0.0295
0.0283
0.0287
0.0295
0.0283
0.0287
0.0295
0.0283
0.0287
0.0295
0.0283
0.0287
0.0295
0.0283
0.0287
0.0295
0.0283
0.0287
0.0295
0.0283
0.0287
0.0295
0.0283
0.0287
0.0295
0.0283
0.0287
0.0295
0.0283
0.0287
0.0295
0.0283
0.0287
0.0295
0.0283
0.0287
0.0295
0.0283
0.0287
0.0295
0.0283
0.0287
0.0295
0.0283
0.0287
0.0295
0.0283
0.0287
0.0295
0.0283
0.0287
0.0295
0.0283
0.0287
0.0295
0.0283
0.0287
0.0295
0.0283
0.0287
0.0295
0.0283
0.0287
0.0295
0.0283
0.0287
0.0295
0.0283
0.0287
0.0295
0.0283
0.0287
0.0295
0.0283
0.0287
0.0295
0.0283
0.0287
0.0295
0.0283
0.0287
0.0295
0.0283
0.0287
0.0295
0.0283
0.0287
0.0295
0.0283
0.0287
0.0295
0.0283
0.0287
0.0295
0.0283
0.0287
0.0295
0.0283
0.0287
0.0295
0.0283
0.0287
0.0295
0.0283
0.0287
0.0295
0.0283
0.0287
0.0295
0.0283
0.0287
0.0295
0.0283
0.0287
0.0295
0.0283
0.0287
0.0295
0.0283
0.0287
0.0295
0.0283
0.0287
0.0295
0.0283
0.0287
0.0295
0.0283
0.0287
0.0295
0.0283
0.0287
0.0295
0.0283
0.0287
0.0295
0.0283
0.0287
0.0295
0.0283
0.0287
0.0295
0.0283
0.0287
0.0295
0.0283
0.0287
0.0295
0.0283
0.0287
0.0295
0.0283
0.0287
0.0295
0.0283
0.0287
0.0295
0.0283
0.0287
0.0295
0.0283
0.0287
0.0295
0.0283
0.0287
0.0295
0.0283
0.0287
0.0295
0.0283
0.0287
0.0295
0.0283
0.0287
0.0295
0.0283
0.0287
0.0295
0.0283
0.0287
0.0295
0.0283
0.0287
0.0295
0.0283
0.0287
0.0295
0.0283
0.0287
0.0295
0.0283
0.0287
0.0295
0.0283
0.0287
0.0295
0.0283
0.0287
0.0295
0.0283
0.0287
0.0295
0.0283
0.0287
0.0295
0.0283
0.0287
0.0295
0.0283
0.0287
0.0295
0.0283
0.0287
0.0295
0.0283
0.0287
0.0295
0.0283
0.0287
0.0295
0.0283
0.0287
0.0295
0.0283
0.0287
0.0295
0.0283
0.0287
0.0295
0.0283
0.0287
0.0295
0.0283
0.0287
0.0295
0.0283
