0.5942
0.1702
0.1541
0.1462
0.1386
0.1388
0.1314
0.1309
0.1262
0.1283
0.1252
0.1283
0.1232
0.123
0.1253
0.1275
0.131
0.1316
0.1313
0.1242
0.1267
0.1236
0.128
0.1224
0.1219
0.1199
0.1159
0.1194
0.1212
0.1229
0.1216
0.1224
0.1131
0.1086
0.1129
0.1106
0.1101
0.1085
0.1113
0.1121
0.1099
0.1083
0.1103
0.106
0.1064
0.1087
0.1072
0.1051
0.0989
0.1005
0.0992
0.1018
0.0998
0.1018
0.1007
0.102
0.1007
0.105
0.1014
0.1047
0.0971
0.0992
0.0965
0.1028
0.09
0.0964
0.0945
0.0944
0.0932
0.0947
0.0911
0.0896
0.0915
0.0884
0.0879
0.094
0.0876
0.0914
0.0868
0.0923
0.0881
0.0928
0.0898
0.0915
0.0876
0.0881
0.0877
0.0862
0.0875
0.0867
0.0841
0.0794
0.0815
0.0751
0.0751
0.0729
0.0739
0.0732
0.0739
0.0701
0.0749
0.0735
0.0744
0.0767
0.074
0.0763
0.076
0.0758
0.0779
0.0724
0.0743
0.0745
0.0727
0.0717
0.0742
0.0778
0.076
0.0812
0.0787
0.0843
0.0834
0.0823
0.0844
0.0832
0.082
0.0837
0.0823
0.0757
0.0811
0.0787
0.0787
0.0755
0.0773
0.0753
0.077
0.0765
0.0797
0.0747
0.0784
0.0758
0.075
0.0716
0.074
0.0745
0.0757
0.0746
0.0749
0.0751
0.0752
0.0758
0.0747
0.0751
0.0751
0.0752
0.0707
0.0759
0.0696
0.0713
0.0684
0.0704
0.0707
0.0685
0.0729
0.0724
0.0691
0.0697
0.0687
0.0721
0.0731
0.0694
0.0716
0.0696
0.0715
0.0701
0.0695
0.0694
0.0705
0.0704
0.0671
0.0682
0.0657
0.0669
0.0652
0.0641
0.0669
0.0662
0.0638
0.0649
0.0612
0.0629
0.0597
0.0603
0.0617
0.0613
0.0619
0.0619
0.063
0.0638
0.0612
0.0631
0.0632
0.0645
0.0637
0.0619
0.0606
0.059
0.0595
0.0583
0.0571
0.0566
0.0572
0.058
0.0569
0.058
0.0574
0.058
0.057
0.0569
0.0574
0.0554
0.0576
0.0576
0.0599
0.0596
0.0581
0.058
0.0553
0.0554
0.055
0.0574
0.0584
0.0597
0.0572
0.0567
0.0569
0.0545
0.057
0.0571
0.0576
0.0571
0.0554
0.0562
0.0548
0.057
0.0547
0.0567
0.0556
0.0574
0.055
0.0573
0.0577
0.0585
0.0602
0.0619
0.062
0.06
0.062
0.0603
0.0579
0.0598
0.0588
0.0636
0.0614
0.0627
0.059
0.0593
0.0599
0.0586
0.0622
0.0608
0.0605
0.0596
0.058
0.0593
0.0577
0.0563
0.0586
0.0568
0.0594
0.0562
0.0564
0.0559
0.0555
0.0543
0.051
0.0519
0.0511
0.0515
0.0493
0.0511
0.0491
0.0501
0.0496
0.051
0.0468
0.0477
0.0468
0.0463
0.0464
0.047
0.0503
0.0454
0.0452
0.0476
0.0478
0.0466
0.0484
0.048
0.0489
0.0486
0.0493
0.0475
0.0475
0.0484
0.0479
0.0475
0.0485
0.0492
0.05
0.0499
0.0471
0.0474
0.0485
0.0491
0.0492
0.0488
0.0516
0.0516
0.0515
0.0487
0.0468
0.0462
0.0491
0.05
0.0493
0.0476
0.0492
0.0476
0.0479
0.0459
0.0468
0.0449
0.0472
0.0453
0.0449
0.0454
0.0462
0.0468
0.0486
0.0488
0.0485
0.0478
0.0497
0.0514
0.0511
0.052
0.0509
0.0517
0.0505
0.0514
0.0523
0.0536
0.0526
0.0531
0.0534
0.0529
0.0531
0.0527
0.0543
0.05
0.0514
0.0477
0.0494
0.0491
0.0506
0.0495
0.0521
0.051
0.0521
0.0495
0.05
0.0487
0.051
0.0478
0.0479
0.0462
0.0471
0.0465
0.0465
0.0461
0.0451
0.0462
0.0464
0.0439
0.0441
0.0438
0.0418
0.042
0.0411
0.0405
0.0391
0.0405
0.0405
0.0391
0.0381
0.0386
0.0386
0.0392
0.04
0.0411
0.0409
0.0413
0.0427
0.0426
0.0445
0.0437
0.0456
0.0452
0.0462
0.0461
0.0469
0.0455
0.0501
0.0487
0.0507
0.0504
0.0515
0.0529
0.0541
0.0515
0.0544
0.0502
0.0514
0.0508
0.0519
0.0538
0.0513
0.0504
0.0503
0.0517
0.0513
0.0507
0.0527
0.0505
0.0517
0.0515
0.0505
0.0508
0.0503
0.0493
0.0477
0.0476
0.0468
0.0477
0.0458
0.0458
0.0444
0.0441
0.0431
0.042
0.0421
0.0421
0.0423
0.0423
0.0427
0.0409
0.0428
0.04
0.0408
0.041
0.0395
0.0385
0.0396
0.0402
0.0414
0.0388
0.0382
0.038
0.0388
0.0388
0.0396
0.039
0.0392
0.0398
0.0409
0.0406
0.0408
0.0408
0.0406
0.0408
0.0426
0.041
0.0427
0.0418
0.0433
0.0434
0.0451
0.046
0.0481
0.0445
0.0455
0.046
0.0449
0.046
0.0441
0.0465
0.0451
0.0444
0.0465
0.0476
0.045
0.0442
0.0439
0.0442
0.0422
0.0433
0.0426
0.0435
0.0434
0.0445
0.045
0.0447
0.0469
0.0459
0.0469
0.0464
0.047
0.0462
0.0482
0.0458
0.0444
0.0441
0.0454
0.0458
0.0452
0.0438
0.0455
0.0449
0.0459
0.0458
0.0477
0.0476
0.0495
0.0508
0.0495
0.0522
0.053
0.0526
0.0506
0.0515
0.0519
0.0505
0.0495
0.0508
0.0485
0.0467
0.0458
0.0478
0.0459
0.0472
0.0473
0.0469
0.0461
0.0459
0.0451
0.0458
0.0455
0.0437
0.0438
0.0434
0.044
0.0443
0.0455
0.0452
0.0477
0.047
0.0476
0.0472
0.0466
0.0479
0.0458
0.0469
0.047
0.0446
0.0457
0.0447
0.0458
0.0461
0.046
0.0463
0.0462
0.048
0.0487
0.0506
0.0497
0.0509
0.0488
0.0495
0.0488
0.0474
0.0461
0.0464
0.0482
0.0493
0.0495
0.0504
0.0481
0.0521
0.0483
0.0504
0.0478
0.0493
0.0496
0.0476
0.0483
0.0465
0.0461
0.0446
0.0451
0.0442
0.0423
0.0435
0.0418
0.0433
0.042
0.0429
0.0407
0.0423
0.04
0.04
0.0398
0.0394
0.0394
0.0397
0.0389
0.0388
0.0395
0.0392
0.0406
0.0404
0.0424
0.0419
0.0418
0.042
0.0425
0.0401
0.0397
0.0389
0.0381
0.0371
0.0378
0.0379
0.0387
0.0378
0.0384
0.0382
0.0387
0.0374
0.0376
0.0375
0.0379
0.0379
0.0371
0.0378
0.0377
0.0376
0.0385
0.0372
0.0377
0.0388
0.0384
0.0387
0.0376
0.0385
0.0372
0.0374
0.0369
0.0362
0.0364
0.0364
0.0362
0.0358
0.0357
0.0355
0.0359
0.0359
0.0367
0.0359
0.0359
0.0359
0.0359
0.0359
0.0359
0.0359
0.0359
0.0359
0.0359
0.0359
0.0359
0.0359
0.0359
0.0359
0.0359
0.0359
0.0359
0.0359
0.0359
0.0359
0.0359
0.0358
0.0357
0.0358
0.0358
0.0358
0.0358
0.0358
0.0358
0.0358
0.0358
0.0358
0.0358
0.0358
0.0358
0.0358
0.0358
0.0358
0.0358
0.0358
0.0358
0.0358
0.0358
0.0358
0.0358
0.0358
0.0358
0.0358
0.0358
0.0358
0.0358
0.0358
0.0358
0.0358
0.0358
0.0358
0.0358
0.0358
0.0358
0.0358
0.0358
0.0358
0.0358
0.0358
0.0358
0.0358
0.0358
0.0358
0.0358
0.0358
0.0358
0.0358
0.0358
0.0358
0.0358
0.0358
0.0358
0.0358
0.0358
0.0358
0.0358
0.0358
0.0358
0.0358
0.0358
0.0358
0.0358
0.0358
0.0358
0.0358
0.0358
0.0358
0.0358
0.0358
0.0358
0.0358
0.0358
0.0358
0.0358
0.0358
0.0358
0.0358
0.0358
0.0358
0.0358
0.0358
0.0358
0.0358
0.0358
0.0358
0.0358
0.0358
0.0358
0.0358
0.0358
0.0358
0.0358
0.0358
0.0358
0.0358
0.0358
0.0358
0.0358
0.0358
0.0358
0.0358
0.0358
0.0358
0.0358
0.0358
0.0358
0.0358
0.0358
0.0358
0.0358
0.0358
0.0358
0.0358
0.0358
0.0358
0.0358
0.0358
0.0358
0.0358
0.0358
0.0358
0.0358
0.0358
0.0358
0.0358
0.0358
0.0358
0.0358
0.0358
0.0358
0.0358
0.0358
0.0358
0.0358
0.0358
0.0358
0.0358
0.0358
0.0358
0.0358
0.0358
0.0358
0.0358
0.0358
0.0358
0.0358
0.0358
0.0358
0.0358
0.0358
0.0358
0.0358
0.0358
0.0358
0.0358
0.0358
0.0358
0.0358
0.0358
0.0358
0.0358
0.0358
0.0358
0.0358
0.0358
0.0358
0.0358
0.0358
0.0358
0.0358
0.0358
0.0358
0.0358
0.0358
0.0358
0.0358
0.0358
0.0358
0.0358
0.0358
0.0358
0.0358
0.0358
0.0358
0.0358
0.0358
0.0358
0.0358
0.0358
0.0358
0.0358
0.0358
0.0358
0.0358
0.0358
0.0358
0.0358
0.0358
0.0358
0.0358
0.0358
0.0358
0.0358
0.0358
0.0358
0.0358
0.0358
0.0358
0.0358
0.0358
0.0358
0.0358
0.0358
0.0358
0.0358
0.0358
0.0358
0.0358
0.0358
0.0358
0.0358
0.0358
0.0358
0.0358
0.0358
0.0358
0.0358
0.0358
0.0358
0.0358
0.0358
0.0358
0.0358
0.0358
0.0358
0.0358
0.0358
0.0358
0.0358
0.0358
0.0358
0.0358
0.0358
0.0358
0.0358
0.0358
0.0358
0.0358
0.0358
0.0358
0.0358
0.0358
0.0358
0.0358
0.0358
0.0358
0.0358
0.0358
0.0358
0.0358
0.0358
0.0358
0.0358
0.0358
0.0358
0.0358
0.0358
0.0358
0.0358
0.0358
0.0358
0.0358
0.0358
0.0358
0.0358
0.0358
0.0358
0.0358
0.0358
0.0358
0.0358
0.0358
0.0358
0.0358
0.0358
0.0358
0.0358
0.0358
0.0358
0.0358
0.0358
0.0358
0.0358
0.0358
0.0358
0.0358
0.0358
0.0358
0.0358
0.0358
0.0358
0.0358
0.0358
0.0358
0.0358
0.0358
0.0358
0.0358
0.0358
0.0358
0.0358
0.0358
0.0358
0.0358
0.0358
0.0358
0.0358
0.0358
0.0358
0.0358
0.0358
0.0358
0.0358
0.0358
0.0358
0.0358
0.0358
0.0358
0.0358
0.0358
0.0358
0.0358
0.0358
0.0358
0.0358
0.0358
0.0358
0.0358
0.0358
0.0358
0.0358
0.0358
0.0358
0.0358
0.0358
0.0358
0.0358
0.0358
0.0358
0.0358
0.0358
0.0358
0.0358
0.0358
0.0358
0.0358
0.0358
0.0358
0.0358
0.0358
0.0358
0.0358
0.0358
0.0358
0.0358
0.0358
0.0358
0.0358
0.0358
0.0358
0.0358
0.0358
0.0358
0.0358
0.0358
0.0358
0.0358
0.0358
0.0358
0.0358
0.0358
0.0358
0.0358
0.0358
0.0358
0.0358
0.0358
0.0358
0.0358
0.0358
0.0358
0.0358
0.0358
0.0358
0.0358
0.0358
0.0358
0.0358
0.0358
0.0358
0.0358
0.0358
0.0358
0.0358
0.0358
0.0358
0.0358
0.0358
0.0358
0.0358
0.0358
0.0358
0.0358
0.0358
0.0358
0.0358
0.0358
0.0358
0.0358
0.0358
0.0358
0.0358
0.0358
0.0358
0.0358
0.0358
0.0358
0.0358
0.0358
0.0358
0.0358
0.0358
0.0358
0.0358
0.0358
0.0358
0.0358
0.0358
0.0358
0.0358
0.0358
0.0358
0.0358
0.0358
0.0358
0.0358
0.0358
0.0358
0.0358
0.0358
0.0358
0.0358
0.0358
0.0358
0.0358
0.0358
0.0358
0.0358
0.0358
0.0358
0.0358
0.0358
0.0358
0.0358
0.0358
0.0358
0.0358
0.0358
0.0358
0.0358
0.0358
0.0358
0.0358
0.0358
0.0358
0.0358
0.0358
0.0358
0.0358
0.0358
0.0358
0.0358
0.0358
0.0358
0.0358
0.0358
0.0358
0.0358
0.0358
0.0358
0.0358
0.0358
0.0358
0.0358
0.0358
0.0358
0.0358
0.0358
0.0358
0.0358
0.0358
0.0358
0.0358
0.0358
0.0358
0.0358
0.0358
0.0358
0.0358
0.0358
0.0358
0.0358
0.0358
0.0358
0.0358
0.0358
0.0358
0.0358
0.0358
0.0358
0.0358
0.0358
0.0358
0.0358
0.0358
0.0358
0.0358
0.0358
0.0358
0.0358
0.0358
0.0358
0.0358
0.0358
0.0358
0.0358
0.0358
0.0358
0.0358
0.0358
0.0358
0.0358
0.0358
0.0358
0.0358
0.0358
0.0358
0.0358
0.0358
0.0358
0.0358
0.0358
0.0358
0.0358
0.0358
0.0358
0.0358
0.0358
0.0358
0.0358
0.0358
0.0358
0.0358
0.0358
0.0358
0.0358
0.0358
0.0358
0.0358
0.0358
0.0358
0.0358
0.0358
0.0358
0.0358
0.0358
0.0358
0.0358
0.0358
0.0358
0.0358
0.0358
0.0358
0.0358
0.0358
0.0358
0.0358
0.0358
0.0358
0.0358
0.0358
0.0358
0.0358
0.0358
0.0358
0.0358
0.0358
0.0358
0.0358
0.0358
0.0358
0.0358
0.0358
0.0358
0.0358
0.0358
0.0358
0.0358
0.0358
0.0358
0.0358
0.0358
0.0358
0.0358
0.0358
0.0358
0.0358
0.0358
0.0358
0.0358
0.0358
0.0358
0.0358
0.0358
0.0358
0.0358
0.0358
0.0358
0.0358
0.0358
0.0358
0.0358
0.0358
0.0358
0.0358
0.0358
0.0358
0.0358
0.0358
0.0358
0.0358
0.0358
0.0358
0.0358
0.0358
0.0358
0.0358
0.0358
0.0358
0.0358
0.0358
0.0358
0.0358
0.0358
0.0358
0.0358
0.0358
0.0358
0.0358
0.0358
0.0358
0.0358
0.0358
0.0358
0.0358
0.0358
0.0358
0.0358
0.0358
0.0358
0.0358
0.0358
0.0358
0.0358
0.0358
0.0358
0.0358
0.0358
0.0358
0.0358
0.0358
0.0358
0.0358
0.0358
0.0358
0.0358
0.0358
0.0358
0.0358
0.0358
0.0358
0.0358
0.0358
0.0358
0.0358
0.0358
0.0358
0.0358
0.0358
0.0358
0.0358
0.0358
0.0358
0.0358
0.0358
0.0358
0.0358
0.0358
0.0358
0.0358
0.0358
0.0358
0.0358
0.0358
0.0358
0.0358
0.0358
0.0358
0.0358
0.0358
0.0358
0.0358
0.0358
0.0358
0.0358
0.0358
0.0358
0.0358
0.0358
0.0358
0.0358
0.0358
0.0358
0.0358
0.0358
0.0358
0.0358
0.0358
0.0358
0.0358
0.0358
0.0358
0.0358
0.0358
0.0358
0.0358
0.0358
0.0358
0.0358
0.0358
0.0358
0.0358
0.0358
0.0358
0.0358
0.0358
0.0358
0.0358
0.0358
0.0358
0.0358
0.0358
0.0358
0.0358
0.0358
0.0358
0.0358
0.0358
0.0358
0.0358
0.0358
0.0358
0.0358
0.0358
0.0358
0.0358
0.0358
0.0358
0.0358
0.0358
0.0358
0.0358
0.0358
0.0358
0.0358
0.0358
0.0358
0.0358
0.0358
0.0358
0.0358
0.0358
0.0358
0.0358
0.0358
0.0358
0.0358
0.0358
0.0358
0.0358
0.0358
0.0358
0.0358
0.0358
0.0358
0.0358
0.0358
0.0358
0.0358
0.0358
0.0358
0.0358
0.0358
0.0358
0.0358
0.0358
0.0358
0.0358
0.0358
0.0358
0.0358
0.0358
0.0358
0.0358
0.0358
0.0358
0.0358
0.0358
0.0358
0.0358
0.0358
0.0358
0.0358
0.0358
0.0358
0.0358
0.0358
0.0358
0.0358
0.0358
0.0358
0.0358
0.0358
0.0358
0.0358
0.0358
0.0358
0.0358
0.0358
0.0358
0.0358
0.0358
0.0358
0.0358
0.0358
0.0358
0.0358
0.0358
0.0358
0.0358
0.0358
0.0358
0.0358
0.0358
0.0358
0.0358
0.0358
0.0358
0.0358
0.0358
0.0358
0.0358
0.0358
0.0358
0.0358
0.0358
0.0358
0.0358
0.0358
0.0358
0.0358
0.0358
0.0358
0.0358
0.0358
0.0358
0.0358
0.0358
0.0358
0.0358
0.0358
0.0358
0.0358
0.0358
0.0358
0.0358
0.0358
0.0358
0.0358
0.0358
0.0358
0.0358
0.0358
0.0358
0.0358
0.0358
0.0358
0.0358
0.0358
0.0358
0.0358
0.0358
0.0358
0.0358
0.0358
0.0358
0.0358
0.0358
0.0358
0.0358
0.0358
0.0358
0.0358
0.0358
0.0358
0.0358
0.0358
0.0358
0.0358
0.0358
0.0358
0.0358
0.0358
0.0358
0.0358
0.0358
0.0358
0.0358
0.0358
0.0358
0.0358
0.0358
0.0358
0.0358
0.0358
0.0358
0.0358
0.0358
0.0358
0.0358
0.0358
0.0358
0.0358
0.0358
0.0358
0.0358
0.0358
0.0358
0.0358
0.0358
0.0358
0.0358
0.0358
0.0358
0.0358
0.0358
0.0358
0.0358
0.0358
0.0358
0.0358
0.0358
0.0358
0.0358
0.0358
0.0358
0.0358
0.0358
0.0358
0.0358
0.0358
0.0358
0.0358
0.0358
0.0358
0.0358
0.0358
0.0358
0.0358
0.0358
0.0358
0.0358
0.0358
0.0358
0.0358
0.0358
0.0358
0.0358
0.0358
0.0358
0.0358
0.0358
0.0358
0.0358
0.0358
0.0358
0.0358
0.0358
0.0358
0.0358
0.0358
0.0358
0.0358
0.0358
0.0358
0.0358
0.0358
0.0358
0.0358
0.0358
0.0358
0.0358
0.0358
0.0358
0.0358
0.0358
0.0358
0.0358
0.0358
0.0358
0.0358
0.0358
0.0358
0.0358
0.0358
0.0358
0.0358
0.0358
0.0358
0.0358
0.0358
0.0358
0.0358
0.0358
0.0358
0.0358
0.0358
0.0358
0.0358
0.0358
0.0358
0.0358
0.0358
0.0358
0.0358
0.0358
0.0358
0.0358
0.0358
0.0358
0.0358
0.0358
0.0358
0.0358
0.0358
0.0358
0.0358
0.0358
0.0358
0.0358
0.0358
0.0358
0.0358
0.0358
0.0358
0.0358
0.0358
0.0358
0.0358
0.0358
0.0358
0.0358
0.0358
0.0358
0.0358
0.0358
0.0358
0.0358
0.0358
0.0358
0.0358
0.0358
0.0358
0.0358
0.0358
0.0358
0.0358
0.0358
0.0358
0.0358
0.0358
0.0358
0.0358
0.0358
0.0358
0.0358
0.0358
0.0358
0.0358
0.0358
0.0358
0.0358
0.0358
0.0358
0.0358
0.0358
0.0358
0.0358
0.0358
0.0358
0.0358
0.0358
0.0358
0.0358
0.0358
0.0358
0.0358
0.0358
0.0358
0.0358
0.0358
0.0358
0.0358
0.0358
0.0358
0.0358
0.0358
0.0358
0.0358
0.0358
0.0358
0.0358
0.0358
0.0358
0.0358
0.0358
0.0358
0.0358
0.0358
0.0358
0.0358
0.0358
0.0358
0.0358
0.0358
0.0358
0.0358
0.0358
0.0358
0.0358
0.0358
0.0358
0.0358
0.0358
0.0358
0.0358
0.0358
0.0358
0.0358
0.0358
0.0358
0.0358
0.0358
0.0358
0.0358
0.0358
0.0358
0.0358
0.0358
0.0358
0.0358
0.0358
0.0358
0.0358
0.0358
0.0358
0.0358
0.0358
0.0358
0.0358
0.0358
0.0358
0.0358
0.0358
0.0358
0.0358
0.0358
0.0358
0.0358
0.0358
0.0358
0.0358
0.0358
0.0358
0.0358
0.0358
0.0358
0.0358
0.0358
0.0358
0.0358
0.0358
0.0358
0.0358
0.0358
0.0358
0.0358
0.0358
0.0358
0.0358
0.0358
0.0358
0.0358
0.0358
0.0358
0.0358
0.0358
0.0358
0.0358
0.0358
0.0358
0.0358
0.0358
0.0358
0.0358
0.0358
0.0358
0.0358
0.0358
0.0358
0.0358
0.0358
0.0358
0.0358
0.0358
0.0358
0.0358
0.0358
0.0358
0.0358
0.0358
0.0358
0.0358
0.0358
0.0358
0.0358
0.0358
0.0358
0.0358
0.0358
0.0358
0.0358
0.0358
0.0358
0.0358
0.0358
0.0358
0.0358
0.0358
0.0358
0.0358
0.0358
0.0358
0.0358
0.0358
0.0358
0.0358
0.0358
0.0358
0.0358
0.0358
0.0358
0.0358
0.0358
0.0358
0.0358
0.0358
