0.042525
0.0367
0.034775
0.039475
0.039375
0.051725
0.03995
0.03945
0.04005
0.0352
0.040225
0.037825
0.039625
0.040625
0.036575
0.0385
0.04105
0.0427
0.03875
0.040575
0.042625
0.046875
0.03745
0.041675
0.034175
0.04565
0.035225
0.040775
0.040675
0.041875
0.039
0.026175
0.040075
0.0342
0.03
0.037625
0.043575
0.038525
0.047175
0.043
0.035225
0.0403
0.0388
0.038275
0.0453
0.044725
0.037875
0.03515
0.041075
0.0323
0.033925
0.03865
0.035575
0.032575
0.049325
0.034
0.037875
0.033575
0.034825
0.037825
0.040675
0.051025
0.04375
0.045575
0.037775
0.033475
0.03805
0.033875
0.0397
0.034375
0.047575
0.03955
0.0433
0.0398
0.03685
0.035525
0.04505
0.0456
0.039325
0.0383
0.0439
0.040025
0.0417
0.033475
0.033
0.03545
0.0462
0.0368
0.031275
0.030675
0.0558
0.037875
0.050275
0.044175
0.036275
0.05005
0.046525
0.0418
0.043525
0.04995
